kinematics:
  shoulder:
    x: 0
    y: 0
    z: 0.18082613565422134
    roll: -0
    pitch: 0
    yaw: 5.2956449239638381e-08
  upper_arm:
    x: 1.8917523357970594e-05
    y: 0
    z: 0
    roll: 1.5703691184810302
    pitch: 0
    yaw: 4.4865521931176801e-06
  forearm:
    x: -0.61231999793524483
    y: 0
    z: 0
    roll: 5.0968424251471963e-05
    pitch: 0.00088244485321822439
    yaw: -3.8755793742864629e-06
  wrist_1:
    x: -0.5714371096126053
    y: 0.0013873263856335845
    z: 0.17391675330351067
    roll: 3.1336158662224811
    pitch: -3.1403031679663389
    yaw: 3.1415904830000292
  wrist_2:
    x: 7.7117368499233603e-06
    y: -0.11968563726051859
    z: 0.00010591103278240775
    roll: 1.5699114168962529
    pitch: 0
    yaw: 2.1537317217851234e-08
  wrist_3:
    x: -7.7777847340873208e-06
    y: 0.11566621074643246
    z: 7.4727979486856482e-05
    roll: 1.5714423924748167
    pitch: 3.1415926535897931
    yaw: -3.1415925497162793
  hash: calib_4691642164175138347
