kinematics:
  shoulder:
    x: 0
    y: 0
    z: 0.1809921210865803
    roll: -0
    pitch: 0
    yaw: 9.251866953108312e-08
  upper_arm:
    x: 0.00014630760617796867
    y: 0
    z: 0
    roll: 1.570387510423938
    pitch: 0
    yaw: -1.9862872226994455e-06
  forearm:
    x: -0.61297437099417529
    y: 0
    z: 0
    roll: 0.00038965656155516028
    pitch: 0.0015150955781910694
    yaw: 2.3718940400514345e-06
  wrist_1:
    x: -0.57205513683686671
    y: -0.0010744149831370606
    z: 0.17409815357399908
    roll: 0.0061712391638699187
    pitch: -0.0018643935838372023
    yaw: 1.0476570527413273e-05
  wrist_2:
    x: 5.7491650568037019e-05
    y: -0.11992934974752695
    z: 8.0335195109462247e-05
    roll: 1.5701264725576896
    pitch: 0
    yaw: 3.4330718473758742e-07
  wrist_3:
    x: 1.7221594612609706e-05
    y: 0.11574438320952041
    z: 5.5211484962806401e-05
    roll: 1.571273338976777
    pitch: 3.1415926535897931
    yaw: -3.1415926269143419
  hash: calib_9678088978124180397
